 corridor_index   u   v     uv  t_width        q  M_trunc      log_qpoch  edge_coeff  full_germ_coeff  edge_target_1_over_24  full_target_1_over_12    edge_error    full_error  vacuum_edge_coeff_neg  vacuum_full_coeff_neg
              1   1   2      2 3.141593 0.043214     2000      -0.046129    0.041666         0.083331               0.041667               0.083333 -1.110061e-06 -2.220123e-06              -0.041666              -0.083331
              2   2   3      6 1.047198 0.350920     2000      -0.631283    0.041667         0.083333               0.041667               0.083333 -1.457168e-16 -2.914335e-16              -0.041667              -0.083333
              3   3   5     15 0.418879 0.657784     2000      -2.555512    0.041667         0.083333               0.041667               0.083333  6.245005e-17  1.249001e-16              -0.041667              -0.083333
              4   5   8     40 0.157080 0.854636     2000      -8.620991    0.041667         0.083333               0.041667               0.083333 -1.172673e-15 -2.345346e-15              -0.041667              -0.083333
              5   8  13    104 0.060415 0.941374     2000     -24.902424    0.041667         0.083333               0.041667               0.083333 -9.022644e-14 -1.804529e-13              -0.041667              -0.083333
              6  13  21    273 0.023015 0.977248     2000     -68.665538    0.041667         0.083333               0.041667               0.083333 -1.329728e-12 -2.659456e-12              -0.041667              -0.083333
              7  21  34    714 0.008800 0.991239     4546    -183.638955    0.041667         0.083333               0.041667               0.083333 -3.029209e-12 -6.058418e-12              -0.041667              -0.083333
              8  34  55   1870 0.003360 0.996646    11905    -485.797868    0.041667         0.083333               0.041667               0.083333 -1.261031e-11 -2.522062e-11              -0.041667              -0.083333
              9  55  89   4895 0.001284 0.998717    31163   -1277.259965    0.041667         0.083333               0.041667               0.083333  2.003073e-10  4.006147e-10              -0.041667              -0.083333
             10  89 144  12816 0.000490 0.999510    81590   -3350.491709    0.041667         0.083333               0.041667               0.083333 -8.438538e-10 -1.687708e-09              -0.041667              -0.083333
             11 144 233  33552 0.000187 0.999813   213599   -8778.682626    0.041667         0.083333               0.041667               0.083333 -3.717487e-09 -7.434975e-09              -0.041667              -0.083333
             12 233 377  87841 0.000072 0.999928   559214  -22991.028379    0.041667         0.083333               0.041667               0.083333  5.385813e-08  1.077163e-07              -0.041667              -0.083333
             13 377 610 229970 0.000027 0.999973  1464035  -60199.832359    0.041667         0.083334               0.041667               0.083333  3.037367e-07  6.074733e-07              -0.041667              -0.083334
             14 610 987 602070 0.000010 0.999990  3832897 -157614.903347    0.041666         0.083333               0.041667               0.083333 -3.297309e-07 -6.594618e-07              -0.041666              -0.083333
\nSaved:
/mnt/data/ramanujan_residual_balanced_windows.csv
/mnt/data/ramanujan_residual_balanced_windows.txt
/mnt/data/ramanujan_edge_coeff_convergence.png
/mnt/data/ramanujan_full_germ_coeff_convergence.png
/mnt/data/ramanujan_residual_errors.png
